0.000000	 0.000000	 0.000000	 0.000000	 0.000000
0.010000	 0.000000	 0.000000	 0.000000	 0.000000
0.020000	 0.000000	 0.000000	 0.000000	 0.000000
0.030000	 0.000000	 0.000000	 0.000000	 0.000000
0.040000	 0.000000	 0.000000	 0.000000	 0.000000
0.050000	 0.000000	 0.000000	 0.000000	 0.000000
0.060000	 0.000000	 0.000000	 0.000000	 0.000000
0.070000	 0.000000	 0.000000	 0.000000	 0.000000
0.080000	 0.000000	 0.000000	 0.000000	 0.000000
0.090000	 0.000000	 0.000000	 0.000000	 0.000000
0.100000	 0.000000	 0.000000	 0.000000	 0.000000
0.110000	 0.000000	 0.000000	 0.000000	 0.000000
0.120000	 0.000000	 0.000000	 0.000000	 0.000000
0.130000	 0.000000	 0.000000	 0.000000	 0.000000
0.140000	 0.000000	 0.000000	 0.000000	 0.000000
0.150000	 0.000000	 0.000000	 0.000000	 0.000000
0.160000	 0.000000	 0.000000	 0.000000	 0.000000
0.170000	 0.000000	 0.000000	 0.000000	 0.000000
0.180000	 0.000000	 0.000000	 0.000000	 0.000000
0.190000	 0.000000	 0.000000	 0.000000	 0.000000
0.200000	 0.000000	 0.000000	 0.000000	 0.000000
0.210000	 0.000000	 0.000000	 0.000000	 0.000000
0.220000	 0.000000	 0.000000	 0.000000	 0.000000
0.230000	 0.000000	 0.000000	 0.000000	 0.000000
0.240000	 0.000000	 0.000000	 0.000000	 0.000000
0.250000	 0.000000	 0.000000	 0.000000	 0.000000
0.260000	 0.000000	 0.000000	 0.000000	 0.000000
0.270000	 0.000000	 0.000000	 0.000000	 0.000000
0.280000	 0.000000	 0.000000	 0.000000	 0.000000
0.290000	 0.000000	 0.000000	 0.000000	 0.000000
0.300000	 0.000000	 0.000000	 0.000000	 0.000000
0.310000	 0.000000	 0.000000	 0.000000	 0.000000
0.320000	 0.000000	 0.000000	 0.000000	 0.000000
0.330000	 0.000000	 0.000000	 0.000000	 0.000000
0.340000	 0.000000	 0.000000	 0.000000	 0.000000
0.350000	 0.000000	 0.000000	 0.000000	 0.000000
0.360000	 0.000000	 0.000000	 0.000000	 0.000000
0.370000	 0.000000	 0.000000	 0.000000	 0.000000
0.380000	 0.000000	 0.000000	 0.000000	 0.000000
0.390000	 0.000000	 0.000000	 0.000000	 0.000000
0.400000	 0.000000	 0.000000	 0.000000	 0.000000
0.410000	 0.000000	 0.000000	 0.000000	 0.000000
0.420000	 0.000000	 0.000000	 0.000000	 0.000000
0.430000	 0.000000	 0.000000	 0.000000	 0.000000
0.440000	 0.000000	 0.000000	 0.000000	 0.000000
0.450000	 0.000000	 0.000000	 0.000000	 0.000000
0.460000	 0.000000	 0.000000	 0.000000	 0.000000
0.470000	 0.000000	 0.000000	 0.000000	 0.000000
0.480000	 0.000000	 0.000000	 0.000000	 0.000000
0.490000	 0.000000	 0.000000	 0.000000	 0.000000
0.500000	 0.000000	 0.000000	 0.000000	 0.000000
0.510000	 0.000000	 0.000000	 0.000000	 0.000000
0.520000	 0.000000	 0.000000	 0.000000	 0.000000
0.530000	 0.000000	 0.000000	 0.000000	 0.000000
0.540000	 0.000000	 0.000000	 0.000000	 0.000000
0.550000	 0.000000	 0.000000	 0.000000	 0.000000
0.560000	 0.000000	 0.000000	 0.000000	 0.000000
0.570000	 0.000000	 0.000000	 0.000000	 0.000000
0.580000	 0.000000	 0.000000	 0.000000	 0.000000
0.590000	 0.000000	 0.000000	 0.000000	 0.000000
0.600000	 0.000000	 0.000000	 0.000000	 0.000000
0.610000	 0.000000	 0.000000	 0.000000	 0.000000
0.620000	 0.000000	 0.000000	 0.000000	 0.000000
0.630000	 0.000000	 0.000000	 0.000000	 0.000000
0.640000	 0.000000	 0.000000	 0.000000	 0.000000
0.650000	 0.000000	 0.000000	 0.000000	 0.000000
0.660000	 0.000000	 0.000000	 0.000000	 0.000000
0.670000	 0.000000	 0.000000	 0.000000	 0.000000
0.680000	 0.000000	 0.000000	 0.000000	 0.000000
0.690000	 0.000000	 0.000000	 0.000000	 0.000000
0.700000	 0.000000	 0.000000	 0.000000	 0.000000
0.710000	 0.000000	 0.000000	 0.000000	 0.000000
0.720000	 0.000000	 0.000000	 0.000000	 0.000000
0.730000	 1.000000	 0.000000	 0.000000	 0.000000
0.740000	 1.000000	 0.000000	 0.000000	 0.000000
0.750000	 1.000000	 0.000000	 0.000000	 0.000000
0.760000	 1.000000	 0.000000	 0.000000	 0.000000
0.770000	 1.000000	 0.000000	 0.000000	 0.000000
0.780000	 1.000000	 0.000000	 0.000000	 0.000000
0.790000	 1.000000	 0.000000	 0.000000	 0.000000
0.800000	 1.000000	 0.000000	 0.000000	 0.000000
0.810000	 1.000000	 0.000000	 0.000000	 0.000000
0.820000	 1.000000	 0.000000	 0.000000	 0.000000
0.830000	 1.000000	 0.000000	 0.000000	 0.000000
0.840000	 1.000000	 0.000000	 0.000000	 0.000000
0.850000	 1.000000	 0.000000	 0.000000	 0.000000
0.860000	 1.000000	 0.000000	 0.000000	 0.000000
0.870000	 1.000000	 0.000000	 0.000000	 0.000000
0.880000	 1.000000	 0.000000	 0.000000	 0.000000
0.890000	 1.000000	 0.000000	 0.000000	 0.000000
0.900000	 1.000000	 0.000000	 0.000000	 0.000000
0.910000	 1.000000	 0.000000	 0.000000	 0.000000
0.920000	 1.000000	 0.000000	 0.000000	 0.000000
0.930000	 1.000000	 0.000000	 0.000000	 0.000000
0.940000	 1.000000	 0.000000	 0.000000	 0.000000
0.950000	 1.000000	 0.000000	 0.000000	 0.000000
0.960000	 1.000000	 0.000000	 0.000000	 0.000000
0.970000	 1.000000	 0.000000	 0.000000	 0.000000
0.980000	 1.000000	 0.000000	 0.000000	 0.000000
0.990000	 1.000000	 0.000000	 0.000000	 0.000000
1.000000	 1.000000	 0.000000	 0.000000	 0.000000
1.010000	 1.000000	 0.000000	 0.000000	 0.000000
1.020000	 1.000000	 0.000000	 0.000000	 0.000000
1.030000	 1.000000	 0.000000	 0.000000	 0.000000
1.040000	 1.000000	 0.000000	 0.000000	 0.000000
1.050000	 1.000000	 0.000000	 0.000000	 0.000000
1.060000	 1.000000	 0.000000	 0.000000	 0.000000
1.070000	 1.000000	 0.000000	 0.000000	 0.000000
1.080000	 1.000000	 0.000000	 0.000000	 0.000000
1.090000	 1.000000	 0.000000	 0.000000	 0.000000
1.100000	 1.000000	 0.000000	 0.000000	 0.000000
1.110000	 1.000000	 0.000000	 0.000000	 0.000000
1.120000	 1.000000	 0.000000	 0.000000	 0.000000
1.130000	 2.000000	 0.000000	 0.000000	 0.000000
1.140000	 2.000000	 0.000000	 0.000000	 0.000000
1.150000	 2.000000	 0.000000	 0.000000	 0.000000
1.160000	 2.000000	 0.000000	 0.000000	 0.000000
1.170000	 2.000000	 0.000000	 0.000000	 0.000000
1.180000	 2.000000	 0.000000	 0.000000	 0.000000
1.190000	 2.000000	 0.000000	 0.000000	 0.000000
1.200000	 2.000000	 0.000000	 0.000000	 0.000000
1.210000	 2.000000	 0.000000	 0.000000	 0.000000
1.220000	 2.000000	 0.000000	 0.000000	 0.000000
1.230000	 2.000000	 0.000000	 0.000000	 0.000000
1.240000	 2.000000	 0.000000	 0.000000	 0.000000
1.250000	 2.000000	 0.000000	 0.000000	 0.000000
1.260000	 2.000000	 0.000000	 0.000000	 0.000000
1.270000	 2.000000	 0.000000	 0.000000	 0.000000
1.280000	 2.000000	 0.000000	 0.000000	 0.000000
1.290000	 3.000000	 0.000000	 0.000000	 0.000000
1.300000	 3.000000	 0.000000	 0.000000	 0.000000
1.310000	 3.000000	 0.000000	 0.000000	 0.000000
1.320000	 3.000000	 0.000000	 0.000000	 0.000000
1.330000	 3.000000	 0.000000	 0.000000	 0.000000
1.340000	 3.000000	 0.000000	 0.000000	 0.000000
1.350000	 3.000000	 0.000000	 0.000000	 0.000000
1.360000	 3.000000	 0.000000	 0.000000	 0.000000
1.370000	 3.000000	 0.000000	 0.000000	 0.000000
1.380000	 3.000000	 0.000000	 0.000000	 0.000000
1.390000	 3.000000	 0.000000	 0.000000	 0.000000
1.400000	 3.000000	 0.000000	 0.000000	 0.000000
1.410000	 3.000000	 0.000000	 0.000000	 0.000000
1.420000	 3.000000	 0.000000	 0.000000	 0.000000
1.430000	 3.000000	 0.000000	 0.000000	 0.000000
1.440000	 3.000000	 0.000000	 0.000000	 0.000000
1.450000	 3.000000	 0.000000	 0.000000	 0.000000
1.460000	 3.000000	 0.000000	 0.000000	 0.000000
1.470000	 3.000000	 0.000000	 0.000000	 0.000000
1.480000	 3.000000	 0.000000	 0.000000	 0.000000
1.490000	 3.000000	 0.000000	 0.000000	 0.000000
1.500000	 3.000000	 0.000000	 0.000000	 0.000000
1.510000	 3.000000	 0.000000	 0.000000	 0.000000
1.520000	 3.000000	 0.000000	 0.000000	 0.000000
1.530000	 3.000000	 0.000000	 0.000000	 0.000000
1.540000	 3.000000	 0.000000	 0.000000	 0.000000
1.550000	 3.000000	 0.000000	 0.000000	 0.000000
1.560000	 3.000000	 0.000000	 0.000000	 0.000000
1.570000	 3.000000	 0.000000	 0.000000	 0.000000
1.580000	 3.000000	 0.000000	 0.000000	 0.000000
1.590000	 3.000000	 0.000000	 0.000000	 0.000000
1.600000	 3.000000	 0.000000	 0.000000	 0.000000
1.610000	 3.000000	 0.000000	 0.000000	 0.000000
1.620000	 3.000000	 0.000000	 0.000000	 0.000000
1.630000	 3.000000	 0.000000	 0.000000	 0.000000
1.640000	 3.000000	 0.000000	 0.000000	 0.000000
1.650000	 3.000000	 0.000000	 0.000000	 0.000000
1.660000	 3.000000	 0.000000	 0.000000	 0.000000
1.670000	 3.000000	 0.000000	 0.000000	 0.000000
1.680000	 3.000000	 0.000000	 0.000000	 0.000000
1.690000	 3.000000	 0.000000	 0.000000	 0.000000
1.700000	 3.000000	 0.000000	 0.000000	 0.000000
1.710000	 3.000000	 0.000000	 0.000000	 0.000000
1.720000	 3.000000	 0.000000	 0.000000	 0.000000
1.730000	 3.000000	 0.000000	 0.000000	 0.000000
1.740000	 3.000000	 0.000000	 0.000000	 0.000000
1.750000	 3.000000	 0.000000	 0.000000	 0.000000
1.760000	 4.000000	 0.000000	 0.000000	 0.000000
1.770000	 4.000000	 0.000000	 0.000000	 0.000000
1.780000	 4.000000	 0.000000	 0.000000	 0.000000
1.790000	 4.000000	 0.000000	 0.000000	 0.000000
1.800000	 4.000000	 0.000000	 0.000000	 0.000000
1.810000	 4.000000	 0.000000	 0.000000	 0.000000
1.820000	 4.000000	 0.000000	 0.000000	 0.000000
1.830000	 4.000000	 0.000000	 0.000000	 0.000000
1.840000	 4.000000	 0.000000	 0.000000	 0.000000
1.850000	 4.000000	 0.000000	 0.000000	 0.000000
1.860000	 4.000000	 0.000000	 0.000000	 0.000000
1.870000	 4.000000	 0.000000	 0.000000	 0.000000
1.880000	 4.000000	 0.000000	 0.000000	 0.000000
1.890000	 4.000000	 0.000000	 0.000000	 0.000000
1.900000	 4.000000	 0.000000	 0.000000	 0.000000
1.910000	 4.000000	 0.000000	 0.000000	 0.000000
1.920000	 4.000000	 0.000000	 0.000000	 0.000000
1.930000	 4.000000	 0.000000	 0.000000	 0.000000
1.940000	 4.000000	 0.000000	 0.000000	 0.000000
1.950000	 4.000000	 0.000000	 0.000000	 0.000000
1.960000	 4.000000	 0.000000	 0.000000	 0.000000
1.970000	 4.000000	 0.000000	 0.000000	 0.000000
1.980000	 4.000000	 0.000000	 0.000000	 0.000000
1.990000	 4.000000	 0.000000	 0.000000	 0.000000
2.000000	 4.000000	 0.000000	 0.000000	 0.000000
2.010000	 4.000000	 0.000000	 0.000000	 0.000000
2.020000	 4.000000	 0.000000	 0.000000	 0.000000
2.030000	 4.000000	 0.000000	 0.000000	 0.000000
2.040000	 4.000000	 0.000000	 0.000000	 0.000000
2.050000	 4.000000	 0.000000	 0.000000	 0.000000
2.060000	 4.000000	 0.000000	 0.000000	 0.000000
2.070000	 4.000000	 0.000000	 0.000000	 0.000000
2.080000	 4.000000	 0.000000	 0.000000	 0.000000
2.090000	 4.000000	 0.000000	 0.000000	 0.000000
2.100000	 4.000000	 0.000000	 0.000000	 0.000000
2.110000	 4.000000	 0.000000	 0.000000	 0.000000
2.120000	 4.000000	 0.000000	 0.000000	 0.000000
2.130000	 4.000000	 0.000000	 0.000000	 0.000000
2.140000	 4.000000	 0.000000	 0.000000	 0.000000
2.150000	 4.000000	 0.000000	 0.000000	 0.000000
2.160000	 4.000000	 0.000000	 0.000000	 0.000000
2.170000	 4.000000	 0.000000	 0.000000	 0.000000
2.180000	 4.000000	 0.000000	 0.000000	 0.000000
2.190000	 4.000000	 0.000000	 0.000000	 0.000000
2.200000	 5.000000	 0.000000	 0.000000	 0.000000
2.210000	 5.000000	 0.000000	 0.000000	 0.000000
2.220000	 5.000000	 0.000000	 0.000000	 0.000000
2.230000	 5.000000	 0.000000	 0.000000	 0.000000
2.240000	 5.000000	 0.000000	 0.000000	 0.000000
2.250000	 5.000000	 0.000000	 0.000000	 0.000000
2.260000	 5.000000	 0.000000	 0.000000	 0.000000
2.270000	 5.000000	 0.000000	 0.000000	 0.000000
2.280000	 6.000000	 0.000000	 0.000000	 0.000000
2.290000	 6.000000	 0.000000	 0.000000	 0.000000
2.300000	 6.000000	 0.000000	 0.000000	 0.000000
2.310000	 6.000000	 0.000000	 0.000000	 0.000000
2.320000	 6.000000	 0.000000	 0.000000	 0.000000
2.330000	 6.000000	 0.000000	 0.000000	 0.000000
2.340000	 6.000000	 0.000000	 0.000000	 0.000000
2.350000	 6.000000	 0.000000	 0.000000	 0.000000
2.360000	 6.000000	 0.000000	 0.000000	 0.000000
2.370000	 6.000000	 0.000000	 0.000000	 0.000000
2.380000	 6.000000	 0.000000	 0.000000	 0.000000
2.390000	 6.000000	 0.000000	 0.000000	 0.000000
2.400000	 6.000000	 0.000000	 0.000000	 0.000000
2.410000	 6.000000	 0.000000	 0.000000	 0.000000
2.420000	 6.000000	 0.000000	 0.000000	 0.000000
2.430000	 6.000000	 0.000000	 0.000000	 0.000000
2.440000	 6.000000	 0.000000	 0.000000	 0.000000
2.450000	 6.000000	 0.000000	 0.000000	 0.000000
2.460000	 6.000000	 0.000000	 0.000000	 0.000000
2.470000	 6.000000	 0.000000	 0.000000	 0.000000
2.480000	 6.000000	 0.000000	 0.000000	 0.000000
2.490000	 6.000000	 0.000000	 0.000000	 0.000000
2.500000	 6.000000	 0.000000	 0.000000	 0.000000
2.510000	 6.000000	 0.000000	 0.000000	 0.000000
2.520000	 6.000000	 0.000000	 0.000000	 0.000000
2.530000	 6.000000	 0.000000	 0.000000	 0.000000
2.540000	 6.000000	 0.000000	 0.000000	 0.000000
2.550000	 6.000000	 0.000000	 0.000000	 0.000000
2.560000	 6.000000	 0.000000	 0.000000	 0.000000
2.570000	 6.000000	 0.000000	 0.000000	 0.000000
2.580000	 6.000000	 0.000000	 0.000000	 0.000000
2.590000	 6.000000	 0.000000	 0.000000	 0.000000
2.600000	 6.000000	 0.000000	 0.000000	 0.000000
2.610000	 6.000000	 0.000000	 0.000000	 0.000000
2.620000	 6.000000	 0.000000	 0.000000	 0.000000
2.630000	 6.000000	 0.000000	 0.000000	 0.000000
2.640000	 6.000000	 0.000000	 0.000000	 0.000000
2.650000	 6.000000	 0.000000	 0.000000	 0.000000
2.660000	 6.000000	 0.000000	 0.000000	 0.000000
2.670000	 6.000000	 0.000000	 0.000000	 0.000000
2.680000	 7.000000	 0.000000	 0.000000	 0.000000
2.690000	 7.000000	 0.000000	 0.000000	 0.000000
2.700000	 7.000000	 0.000000	 0.000000	 0.000000
2.710000	 7.000000	 0.000000	 0.000000	 0.000000
2.720000	 7.000000	 0.000000	 0.000000	 0.000000
2.730000	 7.000000	 0.000000	 0.000000	 0.000000
2.740000	 7.000000	 0.000000	 0.000000	 0.000000
2.750000	 7.000000	 0.000000	 0.000000	 0.000000
2.760000	 7.000000	 0.000000	 0.000000	 0.000000
2.770000	 7.000000	 0.000000	 0.000000	 0.000000
2.780000	 7.000000	 0.000000	 0.000000	 0.000000
2.790000	 7.000000	 0.000000	 0.000000	 0.000000
2.800000	 7.000000	 0.000000	 0.000000	 0.000000
2.810000	 7.000000	 0.000000	 0.000000	 0.000000
2.820000	 7.000000	 0.000000	 0.000000	 0.000000
2.830000	 7.000000	 0.000000	 0.000000	 0.000000
2.840000	 7.000000	 0.000000	 0.000000	 0.000000
2.850000	 7.000000	 0.000000	 0.000000	 0.000000
2.860000	 7.000000	 0.000000	 0.000000	 0.000000
2.870000	 7.000000	 0.000000	 0.000000	 0.000000
2.880000	 7.000000	 0.000000	 0.000000	 0.000000
2.890000	 7.000000	 0.000000	 0.000000	 0.000000
2.900000	 7.000000	 0.000000	 0.000000	 0.000000
2.910000	 7.000000	 0.000000	 0.000000	 0.000000
2.920000	 7.000000	 0.000000	 0.000000	 0.000000
2.930000	 7.000000	 0.000000	 0.000000	 0.000000
2.940000	 7.000000	 0.000000	 0.000000	 0.000000
2.950000	 7.000000	 0.000000	 0.000000	 0.000000
2.960000	 7.000000	 0.000000	 0.000000	 0.000000
2.970000	 7.000000	 0.000000	 0.000000	 0.000000
2.980000	 7.000000	 0.000000	 0.000000	 0.000000
2.990000	 7.000000	 0.000000	 0.000000	 0.000000
3.000000	 7.000000	 0.000000	 0.000000	 0.000000
3.010000	 7.000000	 0.000000	 0.000000	 0.000000
3.020000	 7.000000	 0.000000	 0.000000	 0.000000
3.030000	 7.000000	 0.000000	 0.000000	 0.000000
3.040000	 7.000000	 0.000000	 0.000000	 0.000000
3.050000	 7.000000	 0.000000	 0.000000	 0.000000
3.060000	 7.000000	 0.000000	 0.000000	 0.000000
3.070000	 7.000000	 0.000000	 0.000000	 0.000000
3.080000	 7.000000	 0.000000	 0.000000	 0.000000
3.090000	 7.000000	 0.000000	 0.000000	 0.000000
3.100000	 7.000000	 0.000000	 0.000000	 0.000000
3.110000	 7.000000	 0.000000	 0.000000	 0.000000
3.120000	 7.000000	 0.000000	 0.000000	 0.000000
3.130000	 7.000000	 0.000000	 0.000000	 0.000000
3.140000	 7.000000	 0.000000	 0.000000	 0.000000
3.150000	 7.000000	 0.000000	 0.000000	 0.000000
3.160000	 7.000000	 0.000000	 0.000000	 0.000000
3.170000	 7.000000	 0.000000	 0.000000	 0.000000
3.180000	 7.000000	 0.000000	 0.000000	 0.000000
3.190000	 7.000000	 0.000000	 0.000000	 0.000000
3.200000	 7.000000	 0.000000	 0.000000	 0.000000
3.210000	 7.000000	 0.000000	 0.000000	 0.000000
3.220000	 7.000000	 0.000000	 0.000000	 0.000000
3.230000	 7.000000	 0.000000	 0.000000	 0.000000
3.240000	 7.000000	 0.000000	 0.000000	 0.000000
3.250000	 7.000000	 0.000000	 0.000000	 0.000000
3.260000	 7.000000	 0.000000	 0.000000	 0.000000
3.270000	 7.000000	 0.000000	 0.000000	 0.000000
3.280000	 7.000000	 0.000000	 0.000000	 0.000000
3.290000	 7.000000	 0.000000	 0.000000	 0.000000
3.300000	 7.000000	 0.000000	 0.000000	 0.000000
3.310000	 8.000000	 0.000000	 0.000000	 0.000000
3.320000	 8.000000	 0.000000	 0.000000	 0.000000
3.330000	 8.000000	 0.000000	 0.000000	 0.000000
3.340000	 8.000000	 0.000000	 0.000000	 0.000000
3.350000	 9.000000	 0.000000	 0.000000	 0.000000
3.360000	 9.000000	 0.000000	 0.000000	 0.000000
3.370000	 9.000000	 0.000000	 0.000000	 0.000000
3.380000	 9.000000	 0.000000	 0.000000	 0.000000
3.390000	 9.000000	 0.000000	 0.000000	 0.000000
3.400000	 9.000000	 0.000000	 0.000000	 0.000000
3.410000	 9.000000	 0.000000	 0.000000	 0.000000
3.420000	 9.000000	 0.000000	 0.000000	 0.000000
3.430000	 10.000000	 0.000000	 0.000000	 0.000000
3.440000	 10.000000	 0.000000	 0.000000	 0.000000
3.450000	 10.000000	 0.000000	 0.000000	 0.000000
3.460000	 10.000000	 0.000000	 0.000000	 0.000000
3.470000	 10.000000	 0.000000	 0.000000	 0.000000
3.480000	 10.000000	 0.000000	 0.000000	 0.000000
3.490000	 10.000000	 0.000000	 0.000000	 0.000000
3.500000	 10.000000	 0.000000	 0.000000	 0.000000
3.510000	 11.000000	 0.000000	 0.000000	 0.000000
3.520000	 11.000000	 0.000000	 0.000000	 0.000000
3.530000	 11.000000	 0.000000	 0.000000	 0.000000
3.540000	 11.000000	 0.000000	 0.000000	 0.000000
3.550000	 11.000000	 0.000000	 0.000000	 0.000000
3.560000	 11.000000	 0.000000	 0.000000	 0.000000
3.570000	 11.000000	 0.000000	 0.000000	 0.000000
3.580000	 11.000000	 0.000000	 0.000000	 0.000000
3.590000	 11.000000	 0.000000	 0.000000	 0.000000
3.600000	 11.000000	 0.000000	 0.000000	 0.000000
3.610000	 11.000000	 0.000000	 0.000000	 0.000000
3.620000	 11.000000	 0.000000	 0.000000	 0.000000
3.630000	 12.000000	 0.000000	 0.000000	 0.000000
3.640000	 12.000000	 0.000000	 0.000000	 0.000000
3.650000	 12.000000	 0.000000	 0.000000	 0.000000
3.660000	 12.000000	 0.000000	 0.000000	 0.000000
3.670000	 12.000000	 0.000000	 0.000000	 0.000000
3.680000	 12.000000	 0.000000	 0.000000	 0.000000
3.690000	 12.000000	 0.000000	 0.000000	 0.000000
3.700000	 12.000000	 0.000000	 0.000000	 0.000000
3.710000	 13.000000	 0.000000	 0.000000	 0.000000
3.720000	 13.000000	 0.000000	 0.000000	 0.000000
3.730000	 14.000000	 0.000000	 0.000000	 0.000000
3.740000	 14.000000	 0.000000	 0.000000	 0.000000
3.750000	 14.000000	 0.000000	 0.000000	 0.000000
3.760000	 14.000000	 0.000000	 0.000000	 0.000000
3.770000	 14.000000	 0.000000	 0.000000	 0.000000
3.780000	 14.000000	 0.000000	 0.000000	 0.000000
3.790000	 14.000000	 0.000000	 0.000000	 0.000000
3.800000	 14.000000	 0.000000	 0.000000	 0.000000
3.810000	 14.000000	 0.000000	 0.000000	 0.000000
3.820000	 14.000000	 0.000000	 0.000000	 0.000000
3.830000	 14.000000	 0.000000	 0.000000	 0.000000
3.840000	 14.000000	 0.000000	 0.000000	 0.000000
3.850000	 14.000000	 0.000000	 0.000000	 0.000000
3.860000	 14.000000	 0.000000	 0.000000	 0.000000
3.870000	 15.000000	 0.000000	 0.000000	 0.000000
3.880000	 15.000000	 0.000000	 0.000000	 0.000000
3.890000	 15.000000	 0.000000	 0.000000	 0.000000
3.900000	 15.000000	 0.000000	 0.000000	 0.000000
3.910000	 15.000000	 0.000000	 0.000000	 0.000000
3.920000	 15.000000	 0.000000	 0.000000	 0.000000
3.930000	 15.000000	 0.000000	 0.000000	 0.000000
3.940000	 15.000000	 0.000000	 0.000000	 0.000000
3.950000	 15.000000	 0.000000	 0.000000	 0.000000
3.960000	 14.000000	 1.000000	 0.000000	 0.000000
3.970000	 14.000000	 1.000000	 0.000000	 0.000000
3.980000	 14.000000	 1.000000	 0.000000	 0.000000
3.990000	 14.000000	 1.000000	 0.000000	 0.000000
4.000000	 14.000000	 1.000000	 0.000000	 0.000000
4.010000	 14.000000	 1.000000	 0.000000	 0.000000
4.020000	 14.000000	 1.000000	 0.000000	 0.000000
4.030000	 14.000000	 1.000000	 0.000000	 0.000000
4.040000	 14.000000	 1.000000	 0.000000	 0.000000
4.050000	 14.000000	 1.000000	 0.000000	 0.000000
4.060000	 14.000000	 1.000000	 0.000000	 0.000000
4.070000	 14.000000	 1.000000	 0.000000	 0.000000
4.080000	 14.000000	 1.000000	 0.000000	 0.000000
4.090000	 14.000000	 1.000000	 0.000000	 0.000000
4.100000	 14.000000	 1.000000	 0.000000	 0.000000
4.110000	 14.000000	 1.000000	 0.000000	 0.000000
4.120000	 14.000000	 1.000000	 0.000000	 0.000000
4.130000	 14.000000	 1.000000	 0.000000	 0.000000
4.140000	 14.000000	 1.000000	 0.000000	 0.000000
4.150000	 14.000000	 1.000000	 0.000000	 0.000000
4.160000	 14.000000	 1.000000	 0.000000	 0.000000
4.170000	 14.000000	 1.000000	 0.000000	 0.000000
4.180000	 14.000000	 1.000000	 0.000000	 0.000000
4.190000	 14.000000	 1.000000	 0.000000	 0.000000
4.200000	 14.000000	 1.000000	 0.000000	 0.000000
4.210000	 14.000000	 1.000000	 0.000000	 0.000000
4.220000	 14.000000	 1.000000	 0.000000	 0.000000
4.230000	 14.000000	 1.000000	 0.000000	 0.000000
4.240000	 14.000000	 1.000000	 0.000000	 0.000000
4.250000	 14.000000	 1.000000	 0.000000	 0.000000
4.260000	 14.000000	 1.000000	 0.000000	 0.000000
4.270000	 14.000000	 1.000000	 0.000000	 0.000000
4.280000	 14.000000	 1.000000	 0.000000	 0.000000
4.290000	 14.000000	 1.000000	 0.000000	 0.000000
4.300000	 14.000000	 1.000000	 0.000000	 0.000000
4.310000	 14.000000	 1.000000	 0.000000	 0.000000
4.320000	 14.000000	 1.000000	 0.000000	 0.000000
4.330000	 14.000000	 1.000000	 0.000000	 0.000000
4.340000	 14.000000	 1.000000	 0.000000	 0.000000
4.350000	 14.000000	 1.000000	 0.000000	 0.000000
4.360000	 14.000000	 1.000000	 0.000000	 0.000000
4.370000	 14.000000	 1.000000	 0.000000	 0.000000
4.380000	 14.000000	 1.000000	 0.000000	 0.000000
4.390000	 14.000000	 1.000000	 0.000000	 0.000000
4.400000	 14.000000	 1.000000	 0.000000	 0.000000
4.410000	 14.000000	 1.000000	 0.000000	 0.000000
4.420000	 14.000000	 1.000000	 0.000000	 0.000000
4.430000	 14.000000	 1.000000	 0.000000	 0.000000
4.440000	 14.000000	 1.000000	 0.000000	 0.000000
4.450000	 14.000000	 1.000000	 0.000000	 0.000000
4.460000	 14.000000	 1.000000	 0.000000	 0.000000
4.470000	 14.000000	 1.000000	 0.000000	 0.000000
4.480000	 14.000000	 1.000000	 0.000000	 0.000000
4.490000	 14.000000	 1.000000	 0.000000	 0.000000
4.500000	 14.000000	 1.000000	 0.000000	 0.000000
4.510000	 14.000000	 1.000000	 0.000000	 0.000000
4.520000	 14.000000	 1.000000	 0.000000	 0.000000
4.530000	 14.000000	 1.000000	 0.000000	 0.000000
4.540000	 14.000000	 1.000000	 0.000000	 0.000000
4.550000	 14.000000	 1.000000	 0.000000	 0.000000
4.560000	 14.000000	 1.000000	 0.000000	 0.000000
4.570000	 14.000000	 1.000000	 0.000000	 0.000000
4.580000	 14.000000	 1.000000	 0.000000	 0.000000
4.590000	 14.000000	 1.000000	 0.000000	 0.000000
4.600000	 14.000000	 1.000000	 0.000000	 0.000000
4.610000	 14.000000	 1.000000	 0.000000	 0.000000
4.620000	 14.000000	 1.000000	 0.000000	 0.000000
4.630000	 14.000000	 1.000000	 0.000000	 0.000000
4.640000	 14.000000	 1.000000	 0.000000	 0.000000
4.650000	 14.000000	 1.000000	 0.000000	 0.000000
4.660000	 14.000000	 1.000000	 0.000000	 0.000000
4.670000	 14.000000	 1.000000	 0.000000	 0.000000
4.680000	 14.000000	 1.000000	 0.000000	 0.000000
4.690000	 14.000000	 1.000000	 0.000000	 0.000000
4.700000	 14.000000	 1.000000	 0.000000	 0.000000
4.710000	 14.000000	 1.000000	 0.000000	 0.000000
4.720000	 14.000000	 1.000000	 0.000000	 0.000000
4.730000	 14.000000	 1.000000	 0.000000	 0.000000
4.740000	 14.000000	 1.000000	 0.000000	 0.000000
4.750000	 14.000000	 1.000000	 0.000000	 0.000000
4.760000	 14.000000	 1.000000	 0.000000	 0.000000
4.770000	 13.000000	 2.000000	 0.000000	 0.000000
4.780000	 13.000000	 2.000000	 0.000000	 0.000000
4.790000	 13.000000	 2.000000	 0.000000	 0.000000
4.800000	 13.000000	 2.000000	 0.000000	 0.000000
4.810000	 13.000000	 2.000000	 0.000000	 0.000000
4.820000	 13.000000	 2.000000	 0.000000	 0.000000
4.830000	 13.000000	 2.000000	 0.000000	 0.000000
4.840000	 13.000000	 2.000000	 0.000000	 0.000000
4.850000	 13.000000	 2.000000	 0.000000	 0.000000
4.860000	 13.000000	 2.000000	 0.000000	 0.000000
4.870000	 13.000000	 2.000000	 0.000000	 0.000000
4.880000	 13.000000	 2.000000	 0.000000	 0.000000
4.890000	 13.000000	 2.000000	 0.000000	 0.000000
4.900000	 13.000000	 2.000000	 0.000000	 0.000000
4.910000	 13.000000	 2.000000	 0.000000	 0.000000
4.920000	 13.000000	 2.000000	 0.000000	 0.000000
4.930000	 13.000000	 2.000000	 0.000000	 0.000000
4.940000	 13.000000	 2.000000	 0.000000	 0.000000
4.950000	 13.000000	 2.000000	 0.000000	 0.000000
4.960000	 13.000000	 2.000000	 0.000000	 0.000000
4.970000	 13.000000	 2.000000	 0.000000	 0.000000
4.980000	 13.000000	 2.000000	 0.000000	 0.000000
4.990000	 13.000000	 2.000000	 0.000000	 0.000000
5.000000	 13.000000	 2.000000	 0.000000	 0.000000
5.010000	 13.000000	 2.000000	 0.000000	 0.000000
5.020000	 13.000000	 2.000000	 0.000000	 0.000000
5.030000	 13.000000	 2.000000	 0.000000	 0.000000
5.040000	 13.000000	 2.000000	 0.000000	 0.000000
5.050000	 13.000000	 2.000000	 0.000000	 0.000000
5.060000	 14.000000	 2.000000	 0.000000	 0.000000
5.070000	 14.000000	 2.000000	 0.000000	 0.000000
5.080000	 14.000000	 2.000000	 0.000000	 0.000000
5.090000	 14.000000	 2.000000	 0.000000	 0.000000
5.100000	 14.000000	 2.000000	 0.000000	 0.000000
5.110000	 14.000000	 2.000000	 0.000000	 0.000000
5.120000	 14.000000	 2.000000	 0.000000	 0.000000
5.130000	 14.000000	 2.000000	 0.000000	 0.000000
5.140000	 14.000000	 2.000000	 0.000000	 0.000000
5.150000	 14.000000	 2.000000	 0.000000	 0.000000
5.160000	 14.000000	 2.000000	 0.000000	 0.000000
5.170000	 14.000000	 2.000000	 0.000000	 0.000000
5.180000	 14.000000	 2.000000	 0.000000	 0.000000
5.190000	 15.000000	 2.000000	 0.000000	 0.000000
5.200000	 15.000000	 2.000000	 0.000000	 0.000000
5.210000	 15.000000	 2.000000	 0.000000	 0.000000
5.220000	 15.000000	 2.000000	 0.000000	 0.000000
5.230000	 15.000000	 2.000000	 0.000000	 0.000000
5.240000	 15.000000	 2.000000	 0.000000	 0.000000
5.250000	 15.000000	 2.000000	 0.000000	 0.000000
5.260000	 15.000000	 2.000000	 0.000000	 0.000000
5.270000	 15.000000	 2.000000	 0.000000	 0.000000
5.280000	 15.000000	 2.000000	 0.000000	 0.000000
5.290000	 15.000000	 2.000000	 0.000000	 0.000000
5.300000	 15.000000	 2.000000	 0.000000	 0.000000
5.310000	 15.000000	 2.000000	 0.000000	 0.000000
5.320000	 15.000000	 2.000000	 0.000000	 0.000000
5.330000	 15.000000	 2.000000	 0.000000	 0.000000
5.340000	 14.000000	 3.000000	 0.000000	 0.000000
5.350000	 14.000000	 3.000000	 0.000000	 0.000000
5.360000	 14.000000	 3.000000	 0.000000	 0.000000
5.370000	 14.000000	 3.000000	 0.000000	 0.000000
5.380000	 15.000000	 3.000000	 0.000000	 0.000000
5.390000	 15.000000	 3.000000	 0.000000	 0.000000
5.400000	 15.000000	 3.000000	 0.000000	 0.000000
5.410000	 15.000000	 3.000000	 0.000000	 0.000000
5.420000	 15.000000	 3.000000	 0.000000	 0.000000
5.430000	 15.000000	 3.000000	 0.000000	 0.000000
5.440000	 15.000000	 2.000000	 1.000000	 0.000000
5.450000	 15.000000	 2.000000	 1.000000	 0.000000
5.460000	 15.000000	 2.000000	 1.000000	 0.000000
5.470000	 15.000000	 2.000000	 1.000000	 0.000000
5.480000	 15.000000	 2.000000	 1.000000	 0.000000
5.490000	 16.000000	 2.000000	 1.000000	 0.000000
5.500000	 16.000000	 2.000000	 1.000000	 0.000000
5.510000	 16.000000	 1.000000	 1.000000	 1.000000
5.520000	 16.000000	 1.000000	 1.000000	 1.000000
5.530000	 16.000000	 1.000000	 1.000000	 1.000000
5.540000	 16.000000	 1.000000	 1.000000	 1.000000
5.550000	 16.000000	 1.000000	 1.000000	 1.000000
5.560000	 16.000000	 1.000000	 1.000000	 1.000000
5.570000	 16.000000	 1.000000	 1.000000	 1.000000
5.580000	 16.000000	 1.000000	 1.000000	 1.000000
5.590000	 16.000000	 1.000000	 1.000000	 1.000000
5.600000	 16.000000	 1.000000	 1.000000	 1.000000
5.610000	 16.000000	 1.000000	 1.000000	 1.000000
5.620000	 16.000000	 1.000000	 1.000000	 1.000000
5.630000	 16.000000	 1.000000	 1.000000	 1.000000
5.640000	 16.000000	 1.000000	 1.000000	 1.000000
5.650000	 16.000000	 1.000000	 1.000000	 1.000000
5.660000	 16.000000	 1.000000	 1.000000	 1.000000
5.670000	 16.000000	 1.000000	 1.000000	 1.000000
5.680000	 16.000000	 1.000000	 1.000000	 1.000000
5.690000	 16.000000	 1.000000	 1.000000	 1.000000
5.700000	 16.000000	 1.000000	 1.000000	 1.000000
5.710000	 16.000000	 1.000000	 1.000000	 1.000000
5.720000	 16.000000	 1.000000	 1.000000	 1.000000
5.730000	 16.000000	 1.000000	 1.000000	 1.000000
5.740000	 16.000000	 1.000000	 1.000000	 1.000000
5.750000	 16.000000	 1.000000	 1.000000	 1.000000
5.760000	 16.000000	 1.000000	 1.000000	 1.000000
5.770000	 16.000000	 1.000000	 1.000000	 1.000000
5.780000	 16.000000	 1.000000	 1.000000	 1.000000
5.790000	 16.000000	 1.000000	 1.000000	 1.000000
5.800000	 16.000000	 1.000000	 1.000000	 1.000000
5.810000	 16.000000	 1.000000	 1.000000	 1.000000
5.820000	 16.000000	 1.000000	 1.000000	 1.000000
5.830000	 16.000000	 1.000000	 1.000000	 1.000000
5.840000	 16.000000	 1.000000	 1.000000	 1.000000
5.850000	 16.000000	 1.000000	 1.000000	 1.000000
5.860000	 16.000000	 1.000000	 1.000000	 1.000000
5.870000	 16.000000	 1.000000	 1.000000	 1.000000
5.880000	 16.000000	 1.000000	 1.000000	 1.000000
5.890000	 16.000000	 1.000000	 1.000000	 1.000000
5.900000	 16.000000	 1.000000	 1.000000	 1.000000
5.910000	 16.000000	 1.000000	 1.000000	 1.000000
5.920000	 16.000000	 1.000000	 1.000000	 1.000000
5.930000	 16.000000	 1.000000	 1.000000	 1.000000
5.940000	 16.000000	 1.000000	 1.000000	 1.000000
5.950000	 16.000000	 1.000000	 1.000000	 1.000000
5.960000	 16.000000	 1.000000	 1.000000	 1.000000
5.970000	 16.000000	 1.000000	 1.000000	 1.000000
5.980000	 16.000000	 1.000000	 1.000000	 1.000000
5.990000	 16.000000	 1.000000	 1.000000	 1.000000
6.000000	 16.000000	 1.000000	 1.000000	 1.000000
6.010000	 16.000000	 1.000000	 1.000000	 1.000000
6.020000	 16.000000	 1.000000	 1.000000	 1.000000
6.030000	 16.000000	 1.000000	 1.000000	 1.000000
6.040000	 16.000000	 1.000000	 1.000000	 1.000000
6.050000	 16.000000	 1.000000	 1.000000	 1.000000
6.060000	 16.000000	 1.000000	 1.000000	 1.000000
6.070000	 16.000000	 1.000000	 1.000000	 1.000000
6.080000	 16.000000	 1.000000	 1.000000	 1.000000
6.090000	 16.000000	 1.000000	 1.000000	 1.000000
6.100000	 16.000000	 1.000000	 1.000000	 1.000000
6.110000	 16.000000	 1.000000	 1.000000	 1.000000
6.120000	 16.000000	 1.000000	 1.000000	 1.000000
6.130000	 16.000000	 1.000000	 1.000000	 1.000000
6.140000	 16.000000	 1.000000	 1.000000	 1.000000
6.150000	 16.000000	 1.000000	 1.000000	 1.000000
6.160000	 16.000000	 1.000000	 1.000000	 1.000000
6.170000	 16.000000	 1.000000	 1.000000	 1.000000
6.180000	 16.000000	 1.000000	 1.000000	 1.000000
6.190000	 16.000000	 1.000000	 1.000000	 1.000000
6.200000	 16.000000	 1.000000	 1.000000	 1.000000
6.210000	 16.000000	 1.000000	 1.000000	 1.000000
6.220000	 16.000000	 1.000000	 1.000000	 1.000000
6.230000	 16.000000	 1.000000	 1.000000	 1.000000
6.240000	 16.000000	 1.000000	 1.000000	 1.000000
6.250000	 16.000000	 1.000000	 1.000000	 1.000000
6.260000	 16.000000	 1.000000	 1.000000	 1.000000
6.270000	 16.000000	 1.000000	 1.000000	 1.000000
6.280000	 16.000000	 1.000000	 1.000000	 1.000000
6.290000	 16.000000	 1.000000	 1.000000	 1.000000
6.300000	 16.000000	 1.000000	 1.000000	 1.000000
6.310000	 16.000000	 1.000000	 1.000000	 1.000000
6.320000	 16.000000	 1.000000	 1.000000	 1.000000
6.330000	 16.000000	 1.000000	 1.000000	 1.000000
6.340000	 16.000000	 1.000000	 1.000000	 1.000000
6.350000	 16.000000	 1.000000	 1.000000	 1.000000
6.360000	 16.000000	 1.000000	 1.000000	 1.000000
6.370000	 16.000000	 1.000000	 1.000000	 1.000000
6.380000	 16.000000	 1.000000	 1.000000	 1.000000
6.390000	 16.000000	 1.000000	 1.000000	 1.000000
6.400000	 16.000000	 1.000000	 1.000000	 1.000000
6.410000	 16.000000	 1.000000	 1.000000	 1.000000
6.420000	 16.000000	 1.000000	 1.000000	 1.000000
6.430000	 16.000000	 1.000000	 1.000000	 1.000000
6.440000	 16.000000	 1.000000	 1.000000	 1.000000
6.450000	 16.000000	 1.000000	 1.000000	 1.000000
6.460000	 16.000000	 1.000000	 1.000000	 1.000000
6.470000	 17.000000	 1.000000	 1.000000	 1.000000
6.480000	 18.000000	 1.000000	 1.000000	 1.000000
6.490000	 17.000000	 2.000000	 1.000000	 1.000000
6.500000	 17.000000	 2.000000	 1.000000	 1.000000
6.510000	 17.000000	 2.000000	 1.000000	 1.000000
6.520000	 17.000000	 2.000000	 1.000000	 1.000000
6.530000	 17.000000	 2.000000	 1.000000	 1.000000
6.540000	 17.000000	 2.000000	 1.000000	 1.000000
6.550000	 17.000000	 2.000000	 1.000000	 1.000000
6.560000	 17.000000	 2.000000	 1.000000	 1.000000
6.570000	 17.000000	 2.000000	 1.000000	 1.000000
6.580000	 17.000000	 2.000000	 1.000000	 1.000000
6.590000	 18.000000	 2.000000	 1.000000	 1.000000
6.600000	 18.000000	 2.000000	 1.000000	 1.000000
6.610000	 17.000000	 3.000000	 1.000000	 1.000000
6.620000	 17.000000	 3.000000	 1.000000	 1.000000
6.630000	 17.000000	 3.000000	 1.000000	 1.000000
6.640000	 17.000000	 3.000000	 1.000000	 1.000000
6.650000	 17.000000	 3.000000	 1.000000	 1.000000
6.660000	 17.000000	 3.000000	 1.000000	 1.000000
6.670000	 17.000000	 3.000000	 1.000000	 1.000000
6.680000	 17.000000	 3.000000	 1.000000	 1.000000
6.690000	 17.000000	 3.000000	 1.000000	 1.000000
6.700000	 17.000000	 3.000000	 1.000000	 1.000000
6.710000	 17.000000	 3.000000	 1.000000	 1.000000
6.720000	 17.000000	 3.000000	 1.000000	 1.000000
6.730000	 17.000000	 3.000000	 1.000000	 1.000000
6.740000	 17.000000	 3.000000	 1.000000	 1.000000
6.750000	 17.000000	 3.000000	 1.000000	 1.000000
6.760000	 17.000000	 3.000000	 1.000000	 1.000000
6.770000	 18.000000	 3.000000	 1.000000	 1.000000
6.780000	 18.000000	 3.000000	 1.000000	 1.000000
6.790000	 18.000000	 3.000000	 1.000000	 1.000000
6.800000	 18.000000	 3.000000	 1.000000	 1.000000
6.810000	 18.000000	 3.000000	 1.000000	 1.000000
6.820000	 18.000000	 3.000000	 1.000000	 1.000000
6.830000	 18.000000	 3.000000	 1.000000	 1.000000
6.840000	 18.000000	 3.000000	 1.000000	 1.000000
6.850000	 18.000000	 3.000000	 1.000000	 1.000000
6.860000	 18.000000	 3.000000	 1.000000	 1.000000
6.870000	 18.000000	 3.000000	 1.000000	 1.000000
6.880000	 18.000000	 3.000000	 1.000000	 1.000000
6.890000	 18.000000	 3.000000	 1.000000	 1.000000
6.900000	 18.000000	 3.000000	 1.000000	 1.000000
6.910000	 18.000000	 3.000000	 1.000000	 1.000000
6.920000	 18.000000	 3.000000	 1.000000	 1.000000
6.930000	 18.000000	 3.000000	 1.000000	 1.000000
6.940000	 18.000000	 3.000000	 1.000000	 1.000000
6.950000	 18.000000	 3.000000	 1.000000	 1.000000
6.960000	 18.000000	 3.000000	 1.000000	 1.000000
6.970000	 18.000000	 3.000000	 1.000000	 1.000000
6.980000	 18.000000	 3.000000	 1.000000	 1.000000
6.990000	 18.000000	 3.000000	 1.000000	 1.000000
7.000000	 18.000000	 3.000000	 1.000000	 1.000000
7.010000	 18.000000	 3.000000	 1.000000	 1.000000
7.020000	 18.000000	 3.000000	 1.000000	 1.000000
7.030000	 18.000000	 3.000000	 1.000000	 1.000000
7.040000	 18.000000	 3.000000	 1.000000	 1.000000
7.050000	 18.000000	 3.000000	 1.000000	 1.000000
7.060000	 18.000000	 3.000000	 1.000000	 1.000000
7.070000	 18.000000	 3.000000	 1.000000	 1.000000
7.080000	 18.000000	 3.000000	 1.000000	 1.000000
7.090000	 18.000000	 3.000000	 1.000000	 1.000000
7.100000	 18.000000	 3.000000	 1.000000	 1.000000
7.110000	 18.000000	 3.000000	 1.000000	 1.000000
7.120000	 18.000000	 3.000000	 1.000000	 1.000000
7.130000	 18.000000	 3.000000	 1.000000	 1.000000
7.140000	 18.000000	 3.000000	 1.000000	 1.000000
7.150000	 18.000000	 3.000000	 1.000000	 1.000000
7.160000	 19.000000	 3.000000	 1.000000	 1.000000
7.170000	 19.000000	 3.000000	 1.000000	 1.000000
7.180000	 19.000000	 3.000000	 1.000000	 1.000000
7.190000	 19.000000	 3.000000	 1.000000	 1.000000
7.200000	 19.000000	 3.000000	 1.000000	 1.000000
7.210000	 19.000000	 3.000000	 1.000000	 1.000000
7.220000	 20.000000	 3.000000	 1.000000	 1.000000
7.230000	 20.000000	 3.000000	 1.000000	 1.000000
7.240000	 20.000000	 3.000000	 1.000000	 1.000000
7.250000	 20.000000	 3.000000	 1.000000	 1.000000
7.260000	 20.000000	 3.000000	 1.000000	 1.000000
7.270000	 20.000000	 3.000000	 1.000000	 1.000000
7.280000	 20.000000	 3.000000	 1.000000	 1.000000
7.290000	 20.000000	 3.000000	 1.000000	 1.000000
7.300000	 20.000000	 3.000000	 1.000000	 1.000000
7.310000	 20.000000	 3.000000	 1.000000	 1.000000
7.320000	 20.000000	 3.000000	 1.000000	 1.000000
7.330000	 20.000000	 3.000000	 1.000000	 1.000000
7.340000	 20.000000	 3.000000	 1.000000	 1.000000
7.350000	 20.000000	 3.000000	 1.000000	 1.000000
7.360000	 20.000000	 3.000000	 1.000000	 1.000000
7.370000	 20.000000	 3.000000	 1.000000	 1.000000
7.380000	 21.000000	 3.000000	 1.000000	 1.000000
7.390000	 21.000000	 3.000000	 1.000000	 1.000000
7.400000	 20.000000	 4.000000	 1.000000	 1.000000
7.410000	 20.000000	 4.000000	 1.000000	 1.000000
7.420000	 20.000000	 4.000000	 1.000000	 1.000000
7.430000	 20.000000	 4.000000	 1.000000	 1.000000
7.440000	 20.000000	 4.000000	 1.000000	 1.000000
7.450000	 20.000000	 4.000000	 1.000000	 1.000000
7.460000	 20.000000	 4.000000	 1.000000	 1.000000
7.470000	 20.000000	 4.000000	 1.000000	 1.000000
7.480000	 20.000000	 4.000000	 1.000000	 1.000000
7.490000	 19.000000	 5.000000	 1.000000	 1.000000
7.500000	 19.000000	 5.000000	 1.000000	 1.000000
7.510000	 19.000000	 5.000000	 1.000000	 1.000000
7.520000	 19.000000	 5.000000	 1.000000	 1.000000
7.530000	 19.000000	 5.000000	 1.000000	 1.000000
7.540000	 19.000000	 5.000000	 1.000000	 1.000000
7.550000	 19.000000	 5.000000	 1.000000	 1.000000
7.560000	 19.000000	 5.000000	 1.000000	 1.000000
7.570000	 19.000000	 5.000000	 1.000000	 1.000000
7.580000	 19.000000	 5.000000	 1.000000	 1.000000
7.590000	 19.000000	 5.000000	 1.000000	 1.000000
7.600000	 19.000000	 5.000000	 1.000000	 1.000000
7.610000	 19.000000	 5.000000	 1.000000	 1.000000
7.620000	 19.000000	 5.000000	 1.000000	 1.000000
7.630000	 19.000000	 5.000000	 1.000000	 1.000000
7.640000	 19.000000	 5.000000	 1.000000	 1.000000
7.650000	 19.000000	 5.000000	 1.000000	 1.000000
7.660000	 19.000000	 5.000000	 1.000000	 1.000000
7.670000	 19.000000	 5.000000	 1.000000	 1.000000
7.680000	 19.000000	 5.000000	 1.000000	 1.000000
7.690000	 19.000000	 5.000000	 1.000000	 1.000000
7.700000	 19.000000	 5.000000	 1.000000	 1.000000
7.710000	 19.000000	 5.000000	 1.000000	 1.000000
7.720000	 19.000000	 5.000000	 1.000000	 1.000000
7.730000	 19.000000	 5.000000	 1.000000	 1.000000
7.740000	 19.000000	 5.000000	 1.000000	 1.000000
7.750000	 19.000000	 5.000000	 1.000000	 1.000000
7.760000	 19.000000	 5.000000	 1.000000	 1.000000
7.770000	 19.000000	 5.000000	 1.000000	 1.000000
7.780000	 19.000000	 5.000000	 1.000000	 1.000000
7.790000	 19.000000	 5.000000	 1.000000	 1.000000
7.800000	 19.000000	 5.000000	 1.000000	 1.000000
7.810000	 19.000000	 5.000000	 1.000000	 1.000000
7.820000	 19.000000	 5.000000	 1.000000	 1.000000
7.830000	 19.000000	 5.000000	 1.000000	 1.000000
7.840000	 19.000000	 5.000000	 1.000000	 1.000000
7.850000	 19.000000	 4.000000	 2.000000	 1.000000
7.860000	 19.000000	 4.000000	 2.000000	 1.000000
7.870000	 20.000000	 4.000000	 2.000000	 1.000000
7.880000	 20.000000	 4.000000	 2.000000	 1.000000
7.890000	 20.000000	 4.000000	 2.000000	 1.000000
7.900000	 20.000000	 4.000000	 2.000000	 1.000000
7.910000	 20.000000	 4.000000	 2.000000	 1.000000
7.920000	 20.000000	 4.000000	 2.000000	 1.000000
7.930000	 20.000000	 4.000000	 2.000000	 1.000000
7.940000	 20.000000	 4.000000	 2.000000	 1.000000
7.950000	 20.000000	 4.000000	 2.000000	 1.000000
7.960000	 20.000000	 4.000000	 2.000000	 1.000000
7.970000	 20.000000	 4.000000	 2.000000	 1.000000
7.980000	 20.000000	 4.000000	 2.000000	 1.000000
7.990000	 20.000000	 4.000000	 2.000000	 1.000000
8.000000	 20.000000	 4.000000	 2.000000	 1.000000
8.010000	 20.000000	 4.000000	 2.000000	 1.000000
8.020000	 20.000000	 4.000000	 2.000000	 1.000000
8.030000	 20.000000	 4.000000	 2.000000	 1.000000
8.040000	 20.000000	 4.000000	 2.000000	 1.000000
8.050000	 20.000000	 4.000000	 2.000000	 1.000000
8.060000	 20.000000	 4.000000	 2.000000	 1.000000
8.070000	 20.000000	 4.000000	 2.000000	 1.000000
8.080000	 20.000000	 4.000000	 2.000000	 1.000000
8.090000	 20.000000	 4.000000	 2.000000	 1.000000
8.100000	 20.000000	 4.000000	 2.000000	 1.000000
8.110000	 20.000000	 4.000000	 2.000000	 1.000000
8.120000	 20.000000	 4.000000	 2.000000	 1.000000
8.130000	 20.000000	 4.000000	 2.000000	 1.000000
8.140000	 20.000000	 4.000000	 2.000000	 1.000000
8.150000	 20.000000	 4.000000	 2.000000	 1.000000
8.160000	 20.000000	 4.000000	 2.000000	 1.000000
8.170000	 20.000000	 4.000000	 2.000000	 1.000000
8.180000	 20.000000	 4.000000	 2.000000	 1.000000
8.190000	 20.000000	 4.000000	 2.000000	 1.000000
8.200000	 20.000000	 4.000000	 2.000000	 1.000000
8.210000	 20.000000	 4.000000	 2.000000	 1.000000
8.220000	 20.000000	 4.000000	 2.000000	 1.000000
8.230000	 20.000000	 4.000000	 2.000000	 1.000000
8.240000	 20.000000	 4.000000	 2.000000	 1.000000
8.250000	 20.000000	 4.000000	 2.000000	 1.000000
8.260000	 20.000000	 4.000000	 2.000000	 1.000000
8.270000	 20.000000	 4.000000	 2.000000	 1.000000
8.280000	 20.000000	 4.000000	 2.000000	 1.000000
8.290000	 20.000000	 4.000000	 2.000000	 1.000000
8.300000	 20.000000	 4.000000	 2.000000	 1.000000
8.310000	 20.000000	 4.000000	 2.000000	 1.000000
8.320000	 20.000000	 4.000000	 2.000000	 1.000000
8.330000	 20.000000	 4.000000	 2.000000	 1.000000
8.340000	 20.000000	 4.000000	 2.000000	 1.000000
8.350000	 20.000000	 4.000000	 2.000000	 1.000000
8.360000	 20.000000	 4.000000	 2.000000	 1.000000
8.370000	 20.000000	 4.000000	 2.000000	 1.000000
8.380000	 20.000000	 4.000000	 2.000000	 1.000000
8.390000	 20.000000	 4.000000	 2.000000	 1.000000
8.400000	 20.000000	 4.000000	 2.000000	 1.000000
8.410000	 20.000000	 4.000000	 2.000000	 1.000000
8.420000	 20.000000	 4.000000	 2.000000	 1.000000
8.430000	 20.000000	 4.000000	 2.000000	 1.000000
8.440000	 20.000000	 4.000000	 2.000000	 1.000000
8.450000	 20.000000	 4.000000	 2.000000	 1.000000
8.460000	 20.000000	 4.000000	 2.000000	 1.000000
8.470000	 20.000000	 4.000000	 2.000000	 1.000000
8.480000	 20.000000	 4.000000	 2.000000	 1.000000
8.490000	 20.000000	 4.000000	 2.000000	 1.000000
8.500000	 20.000000	 4.000000	 2.000000	 1.000000
8.510000	 20.000000	 4.000000	 2.000000	 1.000000
8.520000	 20.000000	 4.000000	 2.000000	 1.000000
8.530000	 20.000000	 4.000000	 2.000000	 1.000000
8.540000	 20.000000	 4.000000	 2.000000	 1.000000
8.550000	 20.000000	 4.000000	 2.000000	 1.000000
8.560000	 20.000000	 4.000000	 2.000000	 1.000000
8.570000	 20.000000	 4.000000	 2.000000	 1.000000
8.580000	 20.000000	 4.000000	 2.000000	 1.000000
8.590000	 20.000000	 4.000000	 2.000000	 1.000000
8.600000	 20.000000	 4.000000	 2.000000	 1.000000
8.610000	 20.000000	 4.000000	 2.000000	 1.000000
8.620000	 20.000000	 4.000000	 2.000000	 1.000000
8.630000	 20.000000	 4.000000	 2.000000	 1.000000
8.640000	 20.000000	 4.000000	 2.000000	 1.000000
8.650000	 20.000000	 4.000000	 2.000000	 1.000000
8.660000	 20.000000	 4.000000	 2.000000	 1.000000
8.670000	 20.000000	 4.000000	 2.000000	 1.000000
8.680000	 20.000000	 4.000000	 2.000000	 1.000000
8.690000	 20.000000	 4.000000	 2.000000	 1.000000
8.700000	 20.000000	 4.000000	 2.000000	 1.000000
8.710000	 20.000000	 4.000000	 2.000000	 1.000000
8.720000	 20.000000	 4.000000	 2.000000	 1.000000
8.730000	 20.000000	 4.000000	 2.000000	 1.000000
8.740000	 20.000000	 4.000000	 2.000000	 1.000000
8.750000	 20.000000	 4.000000	 2.000000	 1.000000
8.760000	 20.000000	 4.000000	 2.000000	 1.000000
8.770000	 20.000000	 4.000000	 2.000000	 1.000000
8.780000	 20.000000	 4.000000	 2.000000	 1.000000
8.790000	 20.000000	 4.000000	 2.000000	 1.000000
8.800000	 20.000000	 4.000000	 2.000000	 1.000000
8.810000	 20.000000	 4.000000	 2.000000	 1.000000
8.820000	 20.000000	 4.000000	 2.000000	 1.000000
8.830000	 20.000000	 4.000000	 2.000000	 1.000000
8.840000	 20.000000	 4.000000	 2.000000	 1.000000
8.850000	 20.000000	 4.000000	 2.000000	 1.000000
8.860000	 20.000000	 4.000000	 2.000000	 1.000000
8.870000	 20.000000	 4.000000	 2.000000	 1.000000
8.880000	 20.000000	 4.000000	 2.000000	 1.000000
8.890000	 20.000000	 4.000000	 2.000000	 1.000000
8.900000	 20.000000	 4.000000	 2.000000	 1.000000
8.910000	 20.000000	 4.000000	 2.000000	 1.000000
8.920000	 20.000000	 4.000000	 2.000000	 1.000000
8.930000	 20.000000	 4.000000	 2.000000	 1.000000
8.940000	 20.000000	 4.000000	 2.000000	 1.000000
8.950000	 20.000000	 4.000000	 2.000000	 1.000000
8.960000	 20.000000	 4.000000	 2.000000	 1.000000
8.970000	 20.000000	 4.000000	 2.000000	 1.000000
8.980000	 20.000000	 4.000000	 2.000000	 1.000000
8.990000	 20.000000	 4.000000	 2.000000	 1.000000
9.000000	 20.000000	 4.000000	 2.000000	 1.000000
9.010000	 20.000000	 4.000000	 2.000000	 1.000000
9.020000	 20.000000	 4.000000	 2.000000	 1.000000
9.030000	 20.000000	 4.000000	 2.000000	 1.000000
9.040000	 20.000000	 4.000000	 2.000000	 1.000000
9.050000	 20.000000	 4.000000	 2.000000	 1.000000
9.060000	 20.000000	 4.000000	 2.000000	 1.000000
9.070000	 20.000000	 4.000000	 2.000000	 1.000000
9.080000	 20.000000	 4.000000	 2.000000	 1.000000
9.090000	 20.000000	 4.000000	 2.000000	 1.000000
9.100000	 20.000000	 4.000000	 2.000000	 1.000000
9.110000	 20.000000	 4.000000	 2.000000	 1.000000
9.120000	 20.000000	 4.000000	 2.000000	 1.000000
9.130000	 20.000000	 4.000000	 2.000000	 1.000000
9.140000	 20.000000	 4.000000	 2.000000	 1.000000
9.150000	 20.000000	 4.000000	 2.000000	 1.000000
9.160000	 20.000000	 4.000000	 2.000000	 1.000000
9.170000	 20.000000	 4.000000	 2.000000	 1.000000
9.180000	 20.000000	 4.000000	 2.000000	 1.000000
9.190000	 20.000000	 4.000000	 2.000000	 1.000000
9.200000	 20.000000	 4.000000	 2.000000	 1.000000
9.210000	 20.000000	 4.000000	 2.000000	 1.000000
9.220000	 20.000000	 4.000000	 2.000000	 1.000000
9.230000	 20.000000	 4.000000	 2.000000	 1.000000
9.240000	 20.000000	 4.000000	 2.000000	 1.000000
9.250000	 20.000000	 4.000000	 2.000000	 1.000000
9.260000	 20.000000	 4.000000	 2.000000	 1.000000
9.270000	 20.000000	 4.000000	 2.000000	 1.000000
9.280000	 20.000000	 4.000000	 2.000000	 1.000000
9.290000	 20.000000	 4.000000	 2.000000	 1.000000
9.300000	 20.000000	 4.000000	 2.000000	 1.000000
9.310000	 20.000000	 4.000000	 2.000000	 1.000000
9.320000	 20.000000	 4.000000	 2.000000	 1.000000
9.330000	 20.000000	 4.000000	 2.000000	 1.000000
9.340000	 20.000000	 4.000000	 2.000000	 1.000000
9.350000	 20.000000	 4.000000	 2.000000	 1.000000
9.360000	 20.000000	 4.000000	 2.000000	 1.000000
9.370000	 20.000000	 4.000000	 2.000000	 1.000000
9.380000	 20.000000	 4.000000	 2.000000	 1.000000
9.390000	 20.000000	 4.000000	 2.000000	 1.000000
9.400000	 20.000000	 4.000000	 2.000000	 1.000000
9.410000	 20.000000	 4.000000	 2.000000	 1.000000
9.420000	 20.000000	 4.000000	 2.000000	 1.000000
9.430000	 20.000000	 4.000000	 2.000000	 1.000000
9.440000	 20.000000	 4.000000	 2.000000	 1.000000
9.450000	 20.000000	 4.000000	 2.000000	 1.000000
9.460000	 20.000000	 4.000000	 2.000000	 1.000000
9.470000	 20.000000	 4.000000	 2.000000	 1.000000
9.480000	 20.000000	 4.000000	 2.000000	 1.000000
9.490000	 19.000000	 5.000000	 2.000000	 1.000000
9.500000	 19.000000	 5.000000	 2.000000	 1.000000
9.510000	 19.000000	 5.000000	 2.000000	 1.000000
9.520000	 19.000000	 5.000000	 2.000000	 1.000000
9.530000	 19.000000	 5.000000	 2.000000	 1.000000
9.540000	 19.000000	 5.000000	 2.000000	 1.000000
9.550000	 19.000000	 5.000000	 2.000000	 1.000000
9.560000	 19.000000	 5.000000	 2.000000	 1.000000
9.570000	 19.000000	 5.000000	 2.000000	 1.000000
9.580000	 19.000000	 5.000000	 2.000000	 1.000000
9.590000	 19.000000	 5.000000	 2.000000	 1.000000
9.600000	 19.000000	 5.000000	 2.000000	 1.000000
9.610000	 19.000000	 5.000000	 2.000000	 1.000000
9.620000	 19.000000	 5.000000	 2.000000	 1.000000
9.630000	 19.000000	 5.000000	 2.000000	 1.000000
9.640000	 19.000000	 5.000000	 2.000000	 1.000000
9.650000	 19.000000	 5.000000	 2.000000	 1.000000
9.660000	 19.000000	 5.000000	 2.000000	 1.000000
9.670000	 19.000000	 5.000000	 2.000000	 1.000000
9.680000	 19.000000	 5.000000	 2.000000	 1.000000
9.690000	 19.000000	 5.000000	 2.000000	 1.000000
9.700000	 19.000000	 5.000000	 2.000000	 1.000000
9.710000	 19.000000	 5.000000	 2.000000	 1.000000
9.720000	 19.000000	 5.000000	 2.000000	 1.000000
9.730000	 19.000000	 5.000000	 2.000000	 1.000000
9.740000	 19.000000	 5.000000	 2.000000	 1.000000
9.750000	 19.000000	 5.000000	 2.000000	 1.000000
9.760000	 19.000000	 5.000000	 2.000000	 1.000000
9.770000	 19.000000	 5.000000	 2.000000	 1.000000
9.780000	 19.000000	 5.000000	 2.000000	 1.000000
9.790000	 19.000000	 5.000000	 2.000000	 1.000000
9.800000	 19.000000	 5.000000	 2.000000	 1.000000
9.810000	 19.000000	 5.000000	 2.000000	 1.000000
9.820000	 19.000000	 5.000000	 2.000000	 1.000000
9.830000	 19.000000	 5.000000	 2.000000	 1.000000
9.840000	 19.000000	 5.000000	 2.000000	 1.000000
9.850000	 19.000000	 5.000000	 2.000000	 1.000000
9.860000	 19.000000	 5.000000	 2.000000	 1.000000
9.870000	 19.000000	 5.000000	 2.000000	 1.000000
9.880000	 19.000000	 5.000000	 2.000000	 1.000000
9.890000	 19.000000	 5.000000	 2.000000	 1.000000
9.900000	 19.000000	 5.000000	 2.000000	 1.000000
9.910000	 19.000000	 5.000000	 2.000000	 1.000000
9.920000	 19.000000	 5.000000	 2.000000	 1.000000
9.930000	 19.000000	 5.000000	 2.000000	 1.000000
9.940000	 19.000000	 5.000000	 2.000000	 1.000000
9.950000	 19.000000	 5.000000	 2.000000	 1.000000
9.960000	 19.000000	 5.000000	 2.000000	 1.000000
9.970000	 19.000000	 5.000000	 2.000000	 1.000000
9.980000	 19.000000	 5.000000	 2.000000	 1.000000
9.990000	 19.000000	 5.000000	 2.000000	 1.000000
10.000000	 19.000000	 5.000000	 2.000000	 1.000000
10.010000	 19.000000	 5.000000	 2.000000	 1.000000
10.020000	 19.000000	 5.000000	 2.000000	 1.000000
10.030000	 19.000000	 5.000000	 2.000000	 1.000000
10.040000	 19.000000	 5.000000	 2.000000	 1.000000
10.050000	 19.000000	 5.000000	 2.000000	 1.000000
10.060000	 19.000000	 5.000000	 2.000000	 1.000000
10.070000	 19.000000	 5.000000	 2.000000	 1.000000
10.080000	 19.000000	 5.000000	 2.000000	 1.000000
10.090000	 19.000000	 5.000000	 2.000000	 1.000000
10.100000	 19.000000	 5.000000	 2.000000	 1.000000
10.110000	 19.000000	 5.000000	 2.000000	 1.000000
10.120000	 19.000000	 5.000000	 2.000000	 1.000000
10.130000	 19.000000	 5.000000	 2.000000	 1.000000
10.140000	 19.000000	 5.000000	 2.000000	 1.000000
10.150000	 19.000000	 5.000000	 2.000000	 1.000000
10.160000	 19.000000	 5.000000	 2.000000	 1.000000
10.170000	 19.000000	 5.000000	 2.000000	 1.000000
10.180000	 19.000000	 5.000000	 2.000000	 1.000000
10.190000	 19.000000	 5.000000	 2.000000	 1.000000
10.200000	 19.000000	 5.000000	 2.000000	 1.000000
10.210000	 19.000000	 5.000000	 2.000000	 1.000000
10.220000	 19.000000	 5.000000	 2.000000	 1.000000
10.230000	 19.000000	 5.000000	 2.000000	 1.000000
10.240000	 19.000000	 5.000000	 2.000000	 1.000000
10.250000	 19.000000	 5.000000	 2.000000	 1.000000
10.260000	 19.000000	 5.000000	 2.000000	 1.000000
10.270000	 19.000000	 5.000000	 2.000000	 1.000000
10.280000	 19.000000	 5.000000	 2.000000	 1.000000
10.290000	 19.000000	 5.000000	 2.000000	 1.000000
10.300000	 19.000000	 5.000000	 2.000000	 1.000000
10.310000	 19.000000	 5.000000	 2.000000	 1.000000
10.320000	 19.000000	 5.000000	 2.000000	 1.000000
10.330000	 19.000000	 5.000000	 2.000000	 1.000000
10.340000	 19.000000	 5.000000	 2.000000	 1.000000
10.350000	 19.000000	 5.000000	 2.000000	 1.000000
10.360000	 19.000000	 5.000000	 2.000000	 1.000000
10.370000	 19.000000	 5.000000	 2.000000	 1.000000
10.380000	 19.000000	 5.000000	 2.000000	 1.000000
10.390000	 19.000000	 5.000000	 2.000000	 1.000000
10.400000	 19.000000	 5.000000	 2.000000	 1.000000
10.410000	 19.000000	 5.000000	 2.000000	 1.000000
10.420000	 19.000000	 5.000000	 2.000000	 1.000000
10.430000	 19.000000	 5.000000	 2.000000	 1.000000
10.440000	 19.000000	 5.000000	 2.000000	 1.000000
10.450000	 19.000000	 5.000000	 2.000000	 1.000000
10.460000	 19.000000	 5.000000	 2.000000	 1.000000
10.470000	 19.000000	 5.000000	 2.000000	 1.000000
10.480000	 19.000000	 5.000000	 2.000000	 1.000000
10.490000	 19.000000	 5.000000	 2.000000	 1.000000
10.500000	 19.000000	 5.000000	 2.000000	 1.000000
10.510000	 19.000000	 5.000000	 2.000000	 1.000000
10.520000	 19.000000	 5.000000	 2.000000	 1.000000
10.530000	 19.000000	 5.000000	 2.000000	 1.000000
10.540000	 19.000000	 5.000000	 2.000000	 1.000000
10.550000	 19.000000	 5.000000	 2.000000	 1.000000
10.560000	 19.000000	 5.000000	 2.000000	 1.000000
10.570000	 19.000000	 5.000000	 2.000000	 1.000000
10.580000	 19.000000	 5.000000	 2.000000	 1.000000
10.590000	 19.000000	 5.000000	 2.000000	 1.000000
10.600000	 19.000000	 5.000000	 2.000000	 1.000000
10.610000	 19.000000	 5.000000	 2.000000	 1.000000
10.620000	 19.000000	 5.000000	 2.000000	 1.000000
10.630000	 19.000000	 5.000000	 2.000000	 1.000000
10.640000	 19.000000	 5.000000	 2.000000	 1.000000
10.650000	 19.000000	 5.000000	 2.000000	 1.000000
10.660000	 19.000000	 5.000000	 2.000000	 1.000000
10.670000	 19.000000	 5.000000	 2.000000	 1.000000
10.680000	 19.000000	 5.000000	 2.000000	 1.000000
10.690000	 19.000000	 5.000000	 2.000000	 1.000000
10.700000	 19.000000	 5.000000	 2.000000	 1.000000
10.710000	 19.000000	 5.000000	 2.000000	 1.000000
10.720000	 19.000000	 5.000000	 2.000000	 1.000000
10.730000	 19.000000	 5.000000	 2.000000	 1.000000
10.740000	 19.000000	 5.000000	 2.000000	 1.000000
10.750000	 19.000000	 5.000000	 2.000000	 1.000000
10.760000	 19.000000	 5.000000	 2.000000	 1.000000
10.770000	 19.000000	 5.000000	 2.000000	 1.000000
10.780000	 19.000000	 5.000000	 2.000000	 1.000000
10.790000	 19.000000	 5.000000	 2.000000	 1.000000
10.800000	 19.000000	 5.000000	 2.000000	 1.000000
10.810000	 19.000000	 5.000000	 2.000000	 1.000000
10.820000	 19.000000	 5.000000	 2.000000	 1.000000
10.830000	 19.000000	 5.000000	 2.000000	 1.000000
10.840000	 19.000000	 5.000000	 2.000000	 1.000000
10.850000	 19.000000	 5.000000	 2.000000	 1.000000
10.860000	 19.000000	 5.000000	 2.000000	 1.000000
10.870000	 19.000000	 5.000000	 2.000000	 1.000000
10.880000	 19.000000	 5.000000	 2.000000	 1.000000
10.890000	 19.000000	 5.000000	 2.000000	 1.000000
10.900000	 19.000000	 5.000000	 2.000000	 1.000000
10.910000	 19.000000	 5.000000	 2.000000	 1.000000
10.920000	 19.000000	 5.000000	 2.000000	 1.000000
10.930000	 19.000000	 5.000000	 2.000000	 1.000000
10.940000	 19.000000	 5.000000	 2.000000	 1.000000
10.950000	 19.000000	 5.000000	 2.000000	 1.000000
10.960000	 19.000000	 5.000000	 2.000000	 1.000000
10.970000	 19.000000	 5.000000	 2.000000	 1.000000
10.980000	 19.000000	 5.000000	 2.000000	 1.000000
10.990000	 19.000000	 5.000000	 2.000000	 1.000000
11.000000	 19.000000	 5.000000	 2.000000	 1.000000
11.010000	 19.000000	 5.000000	 2.000000	 1.000000
11.020000	 19.000000	 5.000000	 2.000000	 1.000000
11.030000	 19.000000	 5.000000	 2.000000	 1.000000
11.040000	 19.000000	 5.000000	 2.000000	 1.000000
11.050000	 19.000000	 5.000000	 2.000000	 1.000000
11.060000	 19.000000	 5.000000	 2.000000	 1.000000
11.070000	 19.000000	 5.000000	 2.000000	 1.000000
11.080000	 19.000000	 5.000000	 2.000000	 1.000000
11.090000	 19.000000	 5.000000	 2.000000	 1.000000
11.100000	 19.000000	 5.000000	 2.000000	 1.000000
11.110000	 19.000000	 5.000000	 2.000000	 1.000000
11.120000	 19.000000	 5.000000	 2.000000	 1.000000
11.130000	 19.000000	 5.000000	 2.000000	 1.000000
11.140000	 19.000000	 5.000000	 2.000000	 1.000000
11.150000	 19.000000	 5.000000	 2.000000	 1.000000
11.160000	 19.000000	 5.000000	 2.000000	 1.000000
11.170000	 19.000000	 5.000000	 2.000000	 1.000000
11.180000	 19.000000	 5.000000	 2.000000	 1.000000
11.190000	 19.000000	 5.000000	 2.000000	 1.000000
11.200000	 19.000000	 5.000000	 2.000000	 1.000000
11.210000	 19.000000	 5.000000	 2.000000	 1.000000
11.220000	 19.000000	 5.000000	 2.000000	 1.000000
11.230000	 19.000000	 5.000000	 2.000000	 1.000000
11.240000	 19.000000	 5.000000	 2.000000	 1.000000
11.250000	 19.000000	 5.000000	 2.000000	 1.000000
11.260000	 19.000000	 5.000000	 2.000000	 1.000000
11.270000	 19.000000	 5.000000	 2.000000	 1.000000
11.280000	 19.000000	 5.000000	 2.000000	 1.000000
11.290000	 19.000000	 5.000000	 2.000000	 1.000000
11.300000	 19.000000	 5.000000	 2.000000	 1.000000
11.310000	 19.000000	 5.000000	 2.000000	 1.000000
11.320000	 19.000000	 5.000000	 2.000000	 1.000000
11.330000	 19.000000	 5.000000	 2.000000	 1.000000
11.340000	 19.000000	 5.000000	 2.000000	 1.000000
11.350000	 19.000000	 5.000000	 2.000000	 1.000000
11.360000	 19.000000	 5.000000	 2.000000	 1.000000
11.370000	 19.000000	 5.000000	 2.000000	 1.000000
11.380000	 19.000000	 5.000000	 2.000000	 1.000000
11.390000	 19.000000	 5.000000	 2.000000	 1.000000
11.400000	 19.000000	 5.000000	 2.000000	 1.000000
11.410000	 19.000000	 5.000000	 2.000000	 1.000000
11.420000	 19.000000	 5.000000	 2.000000	 1.000000
11.430000	 19.000000	 5.000000	 2.000000	 1.000000
11.440000	 19.000000	 5.000000	 2.000000	 1.000000
11.450000	 19.000000	 5.000000	 2.000000	 1.000000
11.460000	 19.000000	 5.000000	 2.000000	 1.000000
11.470000	 19.000000	 5.000000	 2.000000	 1.000000
11.480000	 19.000000	 5.000000	 2.000000	 1.000000
11.490000	 19.000000	 5.000000	 2.000000	 1.000000
11.500000	 19.000000	 5.000000	 2.000000	 1.000000
11.510000	 19.000000	 5.000000	 2.000000	 1.000000
11.520000	 19.000000	 5.000000	 2.000000	 1.000000
11.530000	 19.000000	 5.000000	 2.000000	 1.000000
11.540000	 19.000000	 5.000000	 2.000000	 1.000000
11.550000	 19.000000	 5.000000	 2.000000	 1.000000
11.560000	 19.000000	 5.000000	 2.000000	 1.000000
11.570000	 19.000000	 5.000000	 2.000000	 1.000000
11.580000	 19.000000	 5.000000	 2.000000	 1.000000
11.590000	 19.000000	 5.000000	 2.000000	 1.000000
11.600000	 19.000000	 5.000000	 2.000000	 1.000000
11.610000	 19.000000	 5.000000	 2.000000	 1.000000
11.620000	 19.000000	 5.000000	 2.000000	 1.000000
11.630000	 19.000000	 5.000000	 2.000000	 1.000000
11.640000	 19.000000	 5.000000	 2.000000	 1.000000
11.650000	 19.000000	 5.000000	 2.000000	 1.000000
11.660000	 19.000000	 5.000000	 2.000000	 1.000000
11.670000	 19.000000	 5.000000	 2.000000	 1.000000
11.680000	 19.000000	 5.000000	 2.000000	 1.000000
11.690000	 19.000000	 5.000000	 2.000000	 1.000000
11.700000	 19.000000	 5.000000	 2.000000	 1.000000
11.710000	 19.000000	 5.000000	 2.000000	 1.000000
11.720000	 19.000000	 5.000000	 2.000000	 1.000000
11.730000	 19.000000	 5.000000	 2.000000	 1.000000
11.740000	 19.000000	 5.000000	 2.000000	 1.000000
11.750000	 19.000000	 5.000000	 2.000000	 1.000000
11.760000	 19.000000	 5.000000	 2.000000	 1.000000
11.770000	 19.000000	 5.000000	 2.000000	 1.000000
11.780000	 19.000000	 5.000000	 2.000000	 1.000000
11.790000	 19.000000	 5.000000	 2.000000	 1.000000
11.800000	 19.000000	 5.000000	 2.000000	 1.000000
11.810000	 19.000000	 5.000000	 2.000000	 1.000000
11.820000	 19.000000	 5.000000	 2.000000	 1.000000
11.830000	 19.000000	 5.000000	 2.000000	 1.000000
11.840000	 19.000000	 5.000000	 2.000000	 1.000000
11.850000	 19.000000	 5.000000	 2.000000	 1.000000
11.860000	 19.000000	 5.000000	 2.000000	 1.000000
11.870000	 19.000000	 5.000000	 2.000000	 1.000000
11.880000	 19.000000	 5.000000	 2.000000	 1.000000
11.890000	 19.000000	 5.000000	 2.000000	 1.000000
11.900000	 19.000000	 5.000000	 2.000000	 1.000000
11.910000	 19.000000	 5.000000	 2.000000	 1.000000
11.920000	 19.000000	 5.000000	 2.000000	 1.000000
11.930000	 19.000000	 5.000000	 2.000000	 1.000000
11.940000	 19.000000	 5.000000	 2.000000	 1.000000
11.950000	 19.000000	 5.000000	 2.000000	 1.000000
11.960000	 19.000000	 5.000000	 2.000000	 1.000000
11.970000	 19.000000	 5.000000	 2.000000	 1.000000
11.980000	 19.000000	 5.000000	 2.000000	 1.000000
11.990000	 19.000000	 5.000000	 2.000000	 1.000000
12.000000	 19.000000	 5.000000	 2.000000	 1.000000
12.010000	 19.000000	 5.000000	 2.000000	 1.000000
12.020000	 19.000000	 5.000000	 2.000000	 1.000000
12.030000	 19.000000	 5.000000	 2.000000	 1.000000
12.040000	 19.000000	 5.000000	 2.000000	 1.000000
12.050000	 19.000000	 5.000000	 2.000000	 1.000000
12.060000	 19.000000	 5.000000	 2.000000	 1.000000
12.070000	 19.000000	 5.000000	 2.000000	 1.000000
12.080000	 19.000000	 5.000000	 2.000000	 1.000000
12.090000	 19.000000	 5.000000	 2.000000	 1.000000
12.100000	 19.000000	 5.000000	 2.000000	 1.000000
12.110000	 19.000000	 5.000000	 2.000000	 1.000000
12.120000	 19.000000	 5.000000	 2.000000	 1.000000
12.130000	 19.000000	 5.000000	 2.000000	 1.000000
12.140000	 19.000000	 5.000000	 2.000000	 1.000000
12.150000	 19.000000	 5.000000	 2.000000	 1.000000
12.160000	 19.000000	 5.000000	 2.000000	 1.000000
12.170000	 19.000000	 5.000000	 2.000000	 1.000000
12.180000	 19.000000	 5.000000	 2.000000	 1.000000
12.190000	 19.000000	 5.000000	 2.000000	 1.000000
12.200000	 19.000000	 5.000000	 2.000000	 1.000000
12.210000	 19.000000	 5.000000	 2.000000	 1.000000
12.220000	 19.000000	 5.000000	 2.000000	 1.000000
12.230000	 19.000000	 5.000000	 2.000000	 1.000000
12.240000	 19.000000	 5.000000	 2.000000	 1.000000
12.250000	 19.000000	 5.000000	 2.000000	 1.000000
12.260000	 19.000000	 5.000000	 2.000000	 1.000000
12.270000	 19.000000	 5.000000	 2.000000	 1.000000
12.280000	 19.000000	 5.000000	 2.000000	 1.000000
12.290000	 19.000000	 5.000000	 2.000000	 1.000000
12.300000	 19.000000	 5.000000	 2.000000	 1.000000
12.310000	 19.000000	 5.000000	 2.000000	 1.000000
12.320000	 19.000000	 5.000000	 2.000000	 1.000000
12.330000	 19.000000	 5.000000	 2.000000	 1.000000
12.340000	 19.000000	 5.000000	 2.000000	 1.000000
12.350000	 19.000000	 5.000000	 2.000000	 1.000000
12.360000	 19.000000	 5.000000	 2.000000	 1.000000
12.370000	 19.000000	 5.000000	 2.000000	 1.000000
12.380000	 19.000000	 5.000000	 2.000000	 1.000000
12.390000	 19.000000	 5.000000	 2.000000	 1.000000
12.400000	 19.000000	 5.000000	 2.000000	 1.000000
12.410000	 19.000000	 5.000000	 2.000000	 1.000000
12.420000	 19.000000	 5.000000	 2.000000	 1.000000
12.430000	 19.000000	 5.000000	 2.000000	 1.000000
12.440000	 19.000000	 5.000000	 2.000000	 1.000000
12.450000	 19.000000	 5.000000	 2.000000	 1.000000
12.460000	 19.000000	 5.000000	 2.000000	 1.000000
12.470000	 19.000000	 5.000000	 2.000000	 1.000000
12.480000	 19.000000	 5.000000	 2.000000	 1.000000
12.490000	 19.000000	 5.000000	 2.000000	 1.000000
12.500000	 19.000000	 5.000000	 2.000000	 1.000000
12.510000	 19.000000	 5.000000	 2.000000	 1.000000
12.520000	 19.000000	 5.000000	 2.000000	 1.000000
12.530000	 19.000000	 5.000000	 2.000000	 1.000000
12.540000	 19.000000	 5.000000	 2.000000	 1.000000
12.550000	 19.000000	 5.000000	 2.000000	 1.000000
12.560000	 19.000000	 5.000000	 2.000000	 1.000000
12.570000	 19.000000	 5.000000	 2.000000	 1.000000
12.580000	 19.000000	 5.000000	 2.000000	 1.000000
12.590000	 19.000000	 5.000000	 2.000000	 1.000000
12.600000	 19.000000	 5.000000	 2.000000	 1.000000
12.610000	 19.000000	 5.000000	 2.000000	 1.000000
12.620000	 19.000000	 5.000000	 2.000000	 1.000000
12.630000	 19.000000	 5.000000	 2.000000	 1.000000
12.640000	 19.000000	 5.000000	 2.000000	 1.000000
12.650000	 19.000000	 5.000000	 2.000000	 1.000000
12.660000	 19.000000	 5.000000	 2.000000	 1.000000
12.670000	 19.000000	 5.000000	 2.000000	 1.000000
12.680000	 19.000000	 5.000000	 2.000000	 1.000000
12.690000	 19.000000	 5.000000	 2.000000	 1.000000
12.700000	 19.000000	 5.000000	 2.000000	 1.000000
12.710000	 19.000000	 5.000000	 2.000000	 1.000000
12.720000	 19.000000	 5.000000	 2.000000	 1.000000
12.730000	 19.000000	 5.000000	 2.000000	 1.000000
12.740000	 19.000000	 5.000000	 2.000000	 1.000000
12.750000	 19.000000	 5.000000	 2.000000	 1.000000
12.760000	 19.000000	 5.000000	 2.000000	 1.000000
12.770000	 19.000000	 5.000000	 2.000000	 1.000000
12.780000	 19.000000	 5.000000	 2.000000	 1.000000
12.790000	 19.000000	 5.000000	 2.000000	 1.000000
12.800000	 19.000000	 5.000000	 2.000000	 1.000000
12.810000	 19.000000	 5.000000	 2.000000	 1.000000
12.820000	 19.000000	 5.000000	 2.000000	 1.000000
12.830000	 19.000000	 5.000000	 2.000000	 1.000000
12.840000	 19.000000	 5.000000	 2.000000	 1.000000
12.850000	 19.000000	 5.000000	 2.000000	 1.000000
12.860000	 19.000000	 5.000000	 2.000000	 1.000000
12.870000	 19.000000	 5.000000	 2.000000	 1.000000
12.880000	 19.000000	 5.000000	 2.000000	 1.000000
12.890000	 19.000000	 5.000000	 2.000000	 1.000000
12.900000	 19.000000	 5.000000	 2.000000	 1.000000
12.910000	 19.000000	 5.000000	 2.000000	 1.000000
12.920000	 19.000000	 5.000000	 2.000000	 1.000000
12.930000	 19.000000	 5.000000	 2.000000	 1.000000
12.940000	 19.000000	 5.000000	 2.000000	 1.000000
12.950000	 19.000000	 5.000000	 2.000000	 1.000000
12.960000	 19.000000	 5.000000	 2.000000	 1.000000
12.970000	 19.000000	 5.000000	 2.000000	 1.000000
12.980000	 19.000000	 5.000000	 2.000000	 1.000000
12.990000	 19.000000	 5.000000	 2.000000	 1.000000
13.000000	 19.000000	 5.000000	 2.000000	 1.000000
13.010000	 19.000000	 5.000000	 2.000000	 1.000000
13.020000	 19.000000	 5.000000	 2.000000	 1.000000
13.030000	 19.000000	 5.000000	 2.000000	 1.000000
13.040000	 19.000000	 5.000000	 2.000000	 1.000000
13.050000	 19.000000	 5.000000	 2.000000	 1.000000
13.060000	 19.000000	 5.000000	 2.000000	 1.000000
13.070000	 19.000000	 5.000000	 2.000000	 1.000000
13.080000	 19.000000	 5.000000	 2.000000	 1.000000
13.090000	 19.000000	 5.000000	 2.000000	 1.000000
13.100000	 19.000000	 5.000000	 2.000000	 1.000000
13.110000	 19.0000